w 48
h 48

m 8, 5, 5, 5, 5, 5, 5, 5, 5, 5, 5, 5, 5, 5, 5, 5, 5, 5, 5, 5, 5, 5, 5, 5, 5, 5, 5, 5, 5, 5, 5, 5, 5, 5, 5, 5, 5, 5, 5, 5, 5, 5, 5, 5, 5, 5, 5, 8
m 5, 17, 17, 17, 17, 17, 17, 17, 17, 17, 17, 17, 17, 17, 17, 17, 17, 17, 17, 17, 17, 17, 17, 17, 17, 17, 17, 17, 17, 17, 17, 17, 17, 17, 17, 17, 17, 17, 17, 17, 17, 17, 17, 17, 17, 17, 17, 5
m 5, 17, 17, 17, 17, 17, 17, 17, 17, 17, 17, 17, 17, 17, 17, 17, 17, 17, 17, 17, 17, 21, 17, 17, 17, 17, 17, 17, 17, 17, 17, 17, 17, 2, 23, 2, 23, 2, 23, 2, 23, 17, 17, 17, 17, 17, 17, 5
m 5, 17, 17, 17, 17, 17, 17, 17, 17, 17, 17, 17, 17, 17, 17, 17, 17, 17, 17, 17, 17, 17, 17, 17, 17, 17, 21, 17, 17, 17, 17, 17, 17, 23, 17, 17, 17, 17, 17, 17, 17, 21, 17, 17, 17, 17, 17, 5
m 5, 17, 17, 17, 17, 17, 17, 17, 17, 17, 17, 17, 17, 17, 17, 17, 17, 17, 17, 17, 9, 17, 17, 17, 17, 17, 17, 17, 17, 17, 17, 17, 17, 2, 17, 17, 17, 17, 17, 17, 17, 17, 17, 17, 17, 17, 17, 5
m 5, 17, 17, 17, 17, 17, 5, 5, 17, 17, 17, 17, 17, 17, 17, 17, 17, 17, 17, 17, 17, 17, 17, 17, 17, 17, 17, 17, 17, 17, 17, 17, 17, 23, 17, 17, 17, 17, 17, 17, 17, 21, 17, 17, 17, 17, 17, 5
m 5, 17, 17, 17, 17, 17, 5, 1, 17, 17, 17, 17, 17, 17, 17, 17, 17, 17, 17, 17, 11, 17, 17, 17, 17, 17, 17, 17, 17, 17, 17, 17, 17, 2, 17, 17, 17, 17, 17, 17, 17, 17, 17, 17, 21, 17, 17, 5
m 5, 17, 17, 17, 17, 17, 5, 1, 17, 17, 17, 17, 17, 17, 17, 17, 17, 17, 17, 17, 17, 17, 17, 17, 17, 17, 17, 17, 17, 17, 17, 17, 17, 23, 17, 17, 17, 17, 4, 17, 17, 21, 17, 17, 17, 17, 17, 5
m 5, 17, 17, 17, 17, 17, 5, 5, 17, 17, 17, 17, 17, 17, 17, 17, 17, 17, 17, 17, 12, 17, 17, 17, 17, 17, 17, 17, 17, 17, 17, 17, 17, 2, 17, 17, 17, 17, 17, 17, 17, 17, 17, 17, 17, 17, 17, 5
m 5, 17, 17, 17, 17, 17, 5, 17, 17, 17, 17, 17, 17, 17, 17, 17, 17, 17, 17, 17, 17, 17, 17, 17, 17, 17, 17, 17, 17, 17, 17, 17, 17, 23 17, 17, 17, 17, 17, 17, 17, 21, 17, 17, 21, 17, 17, 5
m 5, 17, 17, 17, 17, 17, 17, 17, 17, 17, 17, 17, 17, 17, 17, 17, 17, 17, 17, 17, 13, 17, 17, 17, 17, 17, 17, 17, 17, 17, 17, 17, 17, 2, 17, 17, 17, 17, 17, 17, 17, 17, 17, 17, 17, 17, 17, 5
m 5, 17, 17, 17, 17, 17, 17, 17, 17, 17, 17, 17, 17, 17, 17, 17, 17, 17, 17, 17, 17, 17, 17, 17, 17, 17, 17, 17, 17, 17, 17, 17, 17, 23, 17, 17, 17, 17, 17, 17, 17, 21, 17, 17, 17, 17, 17, 5
m 5, 17, 17, 17, 17, 17, 17, 17, 17, 17, 17, 17, 4, 17, 17, 17, 17, 17, 17, 17, 16, 17, 17, 17, 17, 17, 17, 17, 17, 17, 17, 17, 17, 2, 23, 2, 23, 2, 23, 2, 23, 2, 17, 17, 17, 17, 17, 5
m 5, 17, 17, 17, 17, 17, 17, 17, 17, 21, 17, 17, 17, 17, 17, 17, 17, 17, 17, 17, 17, 17, 17, 17, 17, 17, 17, 17, 17, 17, 17, 17, 17, 17, 17, 17, 17, 17, 17, 17, 17, 17, 17, 17, 17, 17, 17, 5
m 5, 17, 17, 17, 17, 17, 17, 17, 17, 17, 17, 17, 17, 17, 17, 17, 17, 17, 17, 17, 15, 17, 17, 17, 17, 17, 17, 17, 17, 17, 17, 17, 17, 17, 17, 17, 17, 17, 17, 17, 17, 17, 17, 17, 17, 17, 17, 5
m 5, 17, 17, 17, 17, 17, 17, 17, 17, 17, 17, 17, 17, 17, 17, 17, 17, 17, 17, 17, 17, 17, 17, 17, 17, 21, 17, 17, 17, 17, 17, 21, 17, 17, 17, 17, 17, 17, 17, 17, 17, 17, 17, 17, 17, 17, 17, 5
m 5, 17, 17, 17, 17, 21, 17, 17, 17, 17, 17, 17, 17, 17, 17, 17, 17, 17, 17, 17, 14, 17, 17, 17, 17, 17, 17, 17, 17, 17, 17, 17, 17, 17, 17, 17, 17, 17, 17, 17, 17, 21, 17, 17, 17, 17, 17, 5
m 5, 17, 17, 17, 17, 17, 17, 17, 17, 17, 17, 17, 17, 17, 17, 17, 17, 17, 17, 17, 17, 17, 17, 17, 17, 21, 17, 17, 17, 17, 17, 17, 17, 17, 17, 17, 17, 17, 17, 17, 17, 17, 17, 17, 17, 17, 17, 5
m 5, 17, 17, 17, 17, 17, 17, 17, 17, 17, 17, 17, 17, 17, 17, 17, 17, 17, 17, 17, 10, 17, 17, 17, 17, 17, 17, 17, 21, 17, 17, 17, 17, 17, 17, 17, 17, 17, 17, 17, 17, 17, 17, 17, 17, 17, 17, 5
m 5, 17, 17, 17, 17, 17, 17, 17, 17, 17, 17, 17, 17, 17, 17, 17, 17, 17, 17, 17, 17, 17, 17, 17, 17, 17, 17, 17, 17, 17, 17, 17, 17, 21, 17, 17, 17, 17, 21, 17, 17, 17, 17, 17, 17, 17, 17, 5
m 5, 17, 17, 17, 17, 17, 17, 17, 17, 17, 21, 17, 17, 17, 17, 17, 17, 17, 17, 17, 17, 17, 17, 21, 17, 17, 17, 17, 17, 17, 17, 21, 17, 17, 17, 17, 17, 17, 17, 17, 17, 17, 17, 17, 21, 17, 17, 5
m 5, 17, 17, 17, 17, 17, 17, 17, 17, 17, 17, 17, 17, 17, 17, 17, 17, 17, 17, 21, 17, 17, 17, 17, 17, 17, 17, 17, 17, 17, 17, 17, 17, 17, 17, 17, 17, 17, 17, 17, 17, 17, 17, 17, 17, 17, 17, 5
m 5, 17, 17, 17, 17, 17, 21, 17, 17, 17, 17, 17, 17, 17, 17, 17, 17, 17, 17, 17, 17, 17, 17, 17, 17, 17, 17, 17, 17, 17, 17, 17, 17, 17, 17, 17, 17, 17, 17, 17, 17, 17, 17, 17, 17, 17, 17, 5
m 5, 17, 17, 17, 17, 17, 17, 17, 17, 17, 17, 17, 17, 17, 17, 17, 17, 17, 17, 17, 17, 17, 17, 17, 17, 17, 17, 17, 17, 17, 17, 17, 17, 17, 17, 17, 17, 17, 17, 17, 17, 17, 17, 17, 17, 17, 17, 5
m 5, 17, 17, 17, 17, 17, 17, 17, 17, 17, 17, 17, 17, 17, 17, 17, 17, 17, 17, 17, 17, 17, 17, 17, 17, 21, 17, 21, 17, 17, 21, 17, 17, 17, 17, 17, 17, 17, 17, 17, 17, 17, 17, 21, 17, 17, 17, 5
m 5, 17, 17, 17, 17, 17, 17, 17, 17, 17, 17, 17, 17, 17, 17, 17, 17, 17, 17, 17, 17, 17, 17, 17, 17, 17, 17, 17, 17, 17, 17, 17, 17, 17, 17, 17, 17, 17, 17, 17, 17, 17, 17, 17, 17, 17, 17, 5
m 5, 17, 17, 17, 17, 17, 17, 17, 17, 17, 17, 17, 17, 17, 17, 17, 17, 17, 17, 17, 17, 17, 17, 17, 17, 17, 17, 17, 17, 17, 17, 17, 17, 17, 17, 17, 17, 17, 17, 17, 17, 17, 17, 17, 17, 17, 17, 5
m 5, 17, 17, 17, 17, 17, 17, 17, 17, 17, 17, 17, 17, 17, 17, 17, 17, 17, 21, 17, 17, 17, 17, 17, 17, 17, 17, 17, 17, 17, 17, 17, 21, 17, 17, 17, 17, 17, 21, 17, 17, 17, 17, 17, 17, 17, 21, 5
m 5, 17, 17, 17, 17, 17, 17, 17, 17, 17, 17, 17, 17, 17, 17, 17, 17, 17, 17, 17, 17, 17, 17, 17, 17, 17, 17, 17, 17, 17, 17, 17, 17, 17, 17, 17, 17, 17, 17, 17, 17, 17, 17, 17, 17, 17, 17, 5
m 5, 17, 17, 17, 17, 17, 17, 17, 17, 17, 17, 17, 17, 17, 17, 17, 17, 17, 17, 17, 17, 17, 17, 17, 17, 17, 17, 17, 17, 17, 17, 17, 17, 17, 17, 17, 17, 17, 17, 17, 17, 21, 17, 17, 17, 17, 17, 5
m 5, 17, 17, 17, 17, 17, 17, 17, 17, 17, 17, 17, 17, 17, 17, 17, 17, 17, 17, 17, 17, 17, 21, 17, 17, 17, 17, 17, 21, 17, 17, 17, 17, 17, 21, 17, 17, 17, 17, 17, 17, 17, 17, 17, 17, 17, 17, 5
m 5, 17, 17, 17, 17, 17, 17, 17, 17, 17, 17, 21, 17, 17, 17, 17, 17, 17, 17, 17, 17, 17, 17, 17, 17, 17, 17, 17, 17, 17, 17, 17, 17, 17, 17, 17, 17, 17, 17, 17, 17, 17, 17, 17, 17, 17, 17, 5
m 5, 17, 17, 17, 17, 17, 17, 17, 17, 17, 17, 17, 17, 17, 17, 17, 17, 17, 17, 17, 17, 17, 17, 17, 17, 17, 17, 17, 17, 17, 17, 21, 17, 17, 17, 17, 17, 17, 17, 17, 17, 17, 17, 17, 17, 17, 17, 5
m 5, 17, 17, 17, 17, 17, 17, 17, 17, 17, 7, 7, 7, 7, 7, 17, 17, 17, 7, 7, 7, 7, 7, 17, 17, 17, 17, 17, 17, 17, 17, 17, 17, 17, 17, 17, 17, 17, 17, 17, 17, 17, 17, 17, 17, 17, 17, 5
m 5, 17, 17, 17, 17, 17, 17, 17, 17, 17, 7, 7, 7, 7, 17, 17, 17, 17, 17, 7, 7, 7, 7, 17, 17, 17, 17, 17, 17, 17, 17, 17, 17, 17, 17, 17, 17, 17, 17, 17, 17, 17, 17, 17, 17, 17, 17, 5
m 5, 17, 17, 17, 17, 17, 17, 17, 17, 17, 7, 7, 7, 17, 17, 17, 17, 17, 17, 17, 7, 7, 7, 17, 17, 17, 17, 17, 17, 21, 17, 17, 17, 17, 17, 17, 17, 17, 17, 17, 17, 17, 17, 17, 17, 17, 17, 5
m 5, 17, 17, 17, 17, 21, 17, 17, 17, 17, 7, 7, 17, 17, 17, 17, 17, 17, 17, 17, 17, 7, 7, 17, 17, 17, 17, 17, 17, 17, 17, 17, 17, 17, 17, 17, 17, 17, 17, 21, 17, 17, 17, 17, 17, 17, 17, 5
m 5, 17, 17, 17, 17, 17, 17, 17, 17, 17, 7, 17, 17, 17, 17, 17, 17, 17, 17, 17, 17, 17, 7, 17, 17, 17, 17, 17, 17, 17, 17, 17, 17, 17, 17, 17, 17, 17, 17, 17, 17, 17, 17, 17, 17, 17, 17, 5
m 5, 17, 17, 17, 17, 17, 17, 17, 17, 17, 17, 17, 17, 17, 7, 7, 7, 7, 7, 17, 17, 17, 17, 17, 17, 17, 17, 17, 17, 17, 17, 17, 17, 17, 17, 17, 17, 17, 17, 17, 17, 17, 17, 17, 17, 17, 17, 5
m 5, 17, 17, 17, 17, 17, 17, 17, 17, 17, 17, 17, 17, 17, 7, 7, 7, 7, 7, 17, 17, 17, 17, 17, 17, 17, 17, 17, 17, 17, 17, 17, 17, 17, 17, 17, 17, 17, 17, 17, 17, 17, 17, 17, 17, 17, 17, 5
m 5, 17, 17, 17, 17, 17, 17, 17, 17, 17, 17, 17, 17, 17, 7, 7, 7, 7, 7, 17, 17, 17, 17, 17, 17, 17, 17, 17, 17, 17, 17, 17, 17, 17, 17, 17, 17, 17, 17, 17, 17, 17, 17, 17, 17, 17, 17, 5
m 5, 17, 17, 17, 17, 17, 17, 17, 17, 17, 7, 17, 17, 17, 17, 17, 17, 17, 17, 17, 17, 17, 7, 17, 17, 17, 17, 17, 17, 17, 17, 17, 17, 17, 17, 17, 17, 17, 17, 17, 17, 17, 17, 17, 17, 17, 17, 5
m 5, 17, 17, 17, 17, 17, 17, 17, 17, 17, 7, 7, 7, 17, 17, 17, 17, 17, 17, 17, 17, 7, 7, 17, 17, 17, 17, 17, 17, 17, 17, 17, 17, 17, 17, 17, 21, 17, 17, 17, 17, 17, 17, 17, 17, 17, 17, 5
m 5, 17, 17, 17, 17, 21, 17, 17, 17, 17, 7, 7, 7, 17, 17, 17, 17, 17, 17, 17, 7, 7, 7, 17, 17, 17, 17, 17, 17, 17, 17, 17, 17, 17, 17, 17, 17, 17, 17, 17, 17, 17, 17, 17, 17, 17, 17, 5
m 5, 17, 17, 17, 17, 17, 17, 17, 17, 17, 7, 7, 7, 7, 17, 17, 17, 17, 17, 7, 7, 7, 7, 17, 17, 17, 21, 17, 17, 17, 17, 17, 17, 17, 17, 17, 17, 17, 17, 17, 17, 17, 17, 17, 17, 17, 17, 5
m 5, 17, 17, 17, 17, 17, 17, 17, 17, 17, 7, 7, 7, 7, 7, 17, 17, 17, 7, 7, 7, 7, 7, 17, 17, 17, 17, 17, 17, 17, 17, 17, 17, 17, 17, 17, 21, 17, 17, 17, 17, 17, 17, 17, 17, 17, 17, 5
m 5, 17, 17, 17, 17, 17, 17, 17, 17, 17, 17, 17, 17, 17, 17, 17, 17, 17, 17, 17, 17, 17, 17, 17, 17, 17, 17, 17, 17, 17, 21, 17, 17, 17, 17, 17, 17, 17, 17, 17, 17, 17, 17, 17, 17, 17, 17, 5
m 8, 5, 5, 5, 5, 5, 5, 5, 5, 5, 5, 5, 5, 5, 5, 5, 5, 5, 5, 5, 5, 5, 5, 5, 5, 5, 5, 5, 5, 5, 5, 5, 5, 5, 5, 5, 5, 5, 5, 5, 5, 8, 18, 18, 18, 18, 18, 8