w 97
h 97

m 0, 0, 0, 0, 0, 0, 0, 0, 0, 0, 0, 0, 0, 0, 0, 0, 0, 0, 0, 0, 0, 0, 0, 0, 0, 0, 0, 0, 0, 0, 0, 0, 0, 0, 0, 0, 0, 0, 0, 0, 0, 0, 0, 0, 0, 0, 0, 0, 0, 0, 0, 0, 0, 0, 0, 0, 0, 0, 0, 0, 0, 0, 0, 0, 0, 0, 0, 0, 0, 0, 0, 0, 0, 0, 0, 0, 0, 0, 0, 0, 0, 0, 0, 0, 0, 0, 0, 0, 0, 0, 0, 0, 0, 0, 0, 0, 0
m 0, 0, 0, 0, 0, 0, 0, 0, 0, 0, 0, 0, 0, 0, 0, 0, 0, 0, 0, 0, 0, 0, 0, 0, 0, 0, 0, 0, 0, 0, 0, 0, 0, 0, 0, 0, 0, 0, 0, 0, 0, 0, 0, 0, 0, 0, 0, 0, 0, 0, 0, 0, 0, 0, 0, 0, 0, 0, 0, 0, 0, 0, 0, 0, 0, 0, 0, 0, 0, 0, 0, 0, 0, 0, 0, 0, 0, 0, 0, 0, 0, 0, 0, 0, 0, 0, 0, 0, 0, 0, 0, 0, 0, 0, 0, 0, 0
m 0, 0, 0, 0, 0, 0, 0, 0, 0, 0, 0, 0, 0, 0, 0, 0, 0, 0, 0, 0, 0, 0, 0, 0, 0, 0, 0, 0, 0, 0, 0, 0, 0, 0, 0, 0, 0, 0, 0, 0, 0, 0, 0, 0, 0, 0, 0, 0, 0, 0, 0, 0, 0, 0, 0, 0, 0, 0, 0, 0, 0, 0, 0, 0, 0, 0, 0, 0, 0, 0, 0, 0, 0, 0, 0, 0, 0, 0, 0, 0, 0, 0, 0, 0, 0, 0, 0, 0, 0, 0, 0, 0, 0, 0, 0, 0, 0
m 0, 0, 0, 0, 0, 0, 0, 0, 0, 0, 0, 0, 0, 0, 0, 0, 0, 0, 0, 0, 0, 0, 0, 0, 0, 0, 0, 0, 0, 0, 0, 0, 0, 0, 0, 0, 0, 0, 0, 0, 0, 0, 0, 0, 0, 0, 0, 0, 0, 0, 0, 0, 0, 0, 0, 0, 0, 0, 0, 0, 0, 0, 0, 0, 0, 0, 0, 0, 0, 0, 0, 0, 0, 0, 0, 0, 0, 0, 0, 0, 0, 0, 0, 0, 0, 0, 0, 0, 0, 0, 0, 0, 0, 0, 0, 0, 0
m 0, 0, 0, 0, 0, 0, 0, 0, 0, 0, 0, 0, 0, 0, 0, 0, 0, 0, 0, 0, 0, 0, 0, 0, 0, 0, 0, 0, 0, 0, 0, 0, 0, 0, 0, 0, 0, 0, 0, 0, 0, 0, 0, 0, 0, 0, 0, 0, 0, 0, 0, 0, 0, 0, 0, 0, 0, 0, 0, 0, 0, 0, 0, 0, 0, 0, 0, 0, 0, 0, 0, 0, 0, 0, 0, 0, 0, 0, 0, 0, 0, 0, 0, 0, 0, 0, 0, 0, 0, 0, 0, 0, 0, 0, 0, 0, 0
m 0, 0, 0, 0, 0, 0, 0, 0, 0, 0, 0, 0, 0, 0, 0, 0, 0, 0, 0, 0, 0, 0, 0, 0, 0, 0, 0, 0, 0, 0, 0, 0, 0, 0, 0, 0, 0, 39, 39, 40, 40, 42, 43, 44, 45, 46, 47, 48, 49, 50, 51, 52, 53, 54, 55, 56, 57, 58, 59, 60, 61, 62, 63, 64, 65, 66, 0, 0, 0, 299, 300, 301, 302, 303, 304, 305, 306, 307, 308, 309, 400, 401, 402, 403, 404, 405, 406, 407, 408, 409, 410, 411, 412, 413, 414, 0, 0
m 0, 0, 0, 0, 0, 0, 0, 0, 0, 0, 0, 0, 0, 0, 0, 0, 0, 0, 0, 0, 0, 0, 0, 0, 0, 0, 0, 0, 0, 0, 0, 0, 0, 0, 0, 0, 0, 39, 39, 40, 40, 42, 43, 44, 45, 46, 47, 48, 49, 50, 51, 52, 53, 54, 55, 56, 57, 58, 59, 60, 61, 62, 63, 64, 65, 66, 0, 0, 0, 299, 300, 301, 302, 303, 304, 305, 306, 307, 308, 309, 400, 401, 402, 403, 404, 405, 406, 407, 408, 409, 410, 411, 412, 413, 414, 0, 0
m 0, 0, 0, 0, 0, 0, 0, 0, 0, 0, 0, 0, 0, 0, 0, 0, 0, 0, 0, 0, 0, 0, 0, 0, 0, 0, 0, 0, 0, 0, 0, 0, 0, 0, 0, 0, 0, 39, 39, 40, 40, 42, 43, 44, 45, 46, 47, 48, 49, 50, 51, 52, 53, 54, 55, 56, 57, 58, 59, 60, 61, 62, 63, 64, 65, 66, 0, 0, 0, 299, 300, 301, 302, 303, 304, 305, 306, 307, 308, 309, 400, 401, 402, 403, 404, 405, 406, 407, 408, 409, 410, 411, 412, 413, 414, 0, 0
m 0, 0, 0, 0, 0, 0, 0, 0, 0, 0, 0, 0, 0, 0, 0, 0, 0, 0, 0, 0, 0, 0, 0, 0, 0, 0, 0, 0, 0, 0, 0, 0, 0, 0, 0, 0, 0, 39, 39, 40, 40, 42, 43, 44, 45, 46, 47, 48, 49, 50, 51, 52, 53, 54, 55, 56, 57, 58, 59, 60, 61, 62, 63, 64, 65, 66, 0, 0, 0, 299, 300, 301, 302, 303, 304, 305, 306, 307, 308, 309, 400, 401, 402, 403, 404, 405, 406, 407, 408, 409, 410, 411, 412, 413, 414, 0, 0
m 0, 0, 0, 0, 0, 0, 0, 0, 0, 0, 0, 0, 0, 0, 0, 0, 0, 0, 0, 0, 0, 0, 0, 0, 0, 0, 0, 0, 0, 0, 0, 0, 0, 0, 0, 0, 0, 39, 39, 40, 40, 42, 43, 44, 45, 46, 47, 48, 49, 50, 51, 52, 53, 54, 55, 56, 57, 58, 59, 60, 61, 62, 63, 64, 65, 66, 0, 0, 0, 299, 300, 301, 302, 303, 304, 305, 306, 307, 308, 309, 400, 401, 402, 403, 404, 405, 406, 407, 408, 409, 410, 411, 412, 413, 414, 0, 0
m 0, 0, 0, 0, 0, 0, 0, 0, 0, 0, 0, 0, 0, 0, 0, 0, 0, 0, 0, 0, 0, 0, 0, 0, 0, 0, 0, 0, 0, 0, 0, 0, 0, 0, 0, 0, 0, 39, 39, 40, 40, 42, 43, 44, 45, 46, 47, 48, 49, 50, 51, 52, 53, 54, 55, 56, 57, 58, 59, 60, 61, 62, 63, 64, 65, 66, 0, 0, 0, 299, 300, 301, 302, 303, 304, 305, 306, 307, 308, 309, 400, 401, 402, 403, 404, 405, 406, 407, 408, 409, 410, 411, 412, 413, 414, 0, 0
m 0, 0, 0, 0, 0, 0, 0, 0, 0, 0, 0, 0, 0, 0, 0, 0, 0, 0, 0, 0, 0, 0, 0, 0, 0, 0, 0, 0, 0, 0, 0, 0, 0, 0, 0, 0, 0, 39, 39, 40, 40, 42, 43, 44, 45, 46, 47, 48, 49, 50, 51, 52, 53, 54, 55, 56, 57, 58, 59, 60, 61, 62, 63, 64, 65, 66, 0, 0, 0, 299, 300, 301, 302, 303, 304, 305, 306, 307, 308, 309, 400, 401, 402, 403, 404, 405, 406, 407, 408, 409, 410, 411, 412, 413, 414, 0, 0
m 0, 0, 0, 0, 0, 0, 0, 0, 0, 0, 0, 0, 0, 0, 0, 0, 0, 0, 0, 0, 0, 0, 0, 0, 0, 0, 0, 0, 0, 0, 0, 0, 0, 0, 0, 0, 0, 39, 39, 40, 40, 42, 43, 44, 45, 46, 47, 48, 49, 50, 51, 52, 53, 54, 55, 56, 57, 58, 59, 60, 61, 62, 63, 64, 65, 66, 0, 0, 0, 299, 300, 301, 302, 303, 304, 305, 306, 307, 308, 309, 400, 401, 402, 403, 404, 405, 406, 407, 408, 409, 410, 411, 412, 413, 414, 0, 0
m 3, 4, 5, 6, 7, 8, 9, 10, 11, 12, 13, 14, 15, 16, 17, 18, 19, 20, 21, 22, 23, 24, 25, 26, 27, 28, 29, 30, 31, 32, 33, 34, 35, 36, 37, 38, 39, 40, 41, 42, 43, 44, 0, 0, 0, 0, 0, 0, 0, 0, 0, 0, 0, 0, 0, 0, 0, 0, 0, 0, 0, 67, 67, 67, 67, 67, 0, 0, 0, 298, 298, 298, 298, 298, 298, 298, 298, 0, 0, 0, 0, 0, 0, 0, 0, 0, 0, 412, 412, 412, 412, 412, 412, 412, 412, 0, 0
m 3, 4, 5, 6, 7, 8, 9, 10, 11, 12, 13, 14, 15, 16, 17, 18, 19, 20, 21, 22, 23, 24, 25, 26, 27, 28, 29, 30, 31, 32, 33, 34, 35, 36, 37, 38, 39, 40, 41, 42, 43, 44, 0, 0, 0, 0, 0, 0, 0, 0, 0, 0, 0, 0, 0, 0, 0, 0, 0, 0, 0, 68, 68, 68, 68, 68, 0, 0, 0, 297, 297, 297, 297, 297, 297, 297, 297, 0, 0, 0, 0, 0, 0, 0, 0, 0, 0, 413, 413, 413, 413, 413, 413, 413, 413, 0, 0
m 3, 4, 5, 6, 7, 8, 9, 10, 11, 12, 13, 14, 15, 16, 17, 18, 19, 20, 21, 22, 23, 24, 25, 26, 27, 28, 29, 30, 31, 32, 33, 34, 35, 36, 37, 38, 39, 40, 41, 42, 43, 44, 0, 0, 0, 0, 0, 0, 0, 0, 0, 0, 0, 0, 0, 0, 0, 0, 0, 0, 0, 69, 69, 69, 69, 69, 0, 0, 0, 296, 296, 296, 296, 296, 0, 0, 0, 0, 0, 0, 0, 0, 0, 0, 0, 0, 0, 414, 414, 414, 414, 414, 414, 414, 414, 0, 0
m 3, 4, 5, 6, 7, 8, 9, 10, 11, 12, 13, 14, 15, 16, 17, 18, 19, 20, 21, 22, 23, 24, 25, 26, 27, 28, 29, 30, 31, 32, 33, 34, 35, 36, 37, 38, 39, 40, 41, 42, 43, 44, 0, 0, 0, 0, 0, 0, 0, 0, 0, 0, 0, 0, 0, 0, 0, 0, 0, 0, 0, 70, 70, 70, 70, 70, 0, 0, 0, 295, 295, 295, 295, 295, 0, 0, 0, 0, 0, 0, 0, 0, 0, 0, 0, 0, 0, 415, 415, 415, 415, 415, 415, 415, 415, 0, 0
m 3, 4, 5, 6, 7, 8, 9, 10, 11, 12, 13, 14, 15, 16, 17, 18, 19, 20, 21, 22, 23, 24, 25, 26, 27, 28, 29, 30, 31, 32, 33, 34, 35, 36, 37, 38, 39, 40, 41, 42, 43, 44, 0, 0, 0, 0, 0, 0, 0, 0, 0, 0, 0, 0, 0, 0, 0, 0, 0, 0, 0, 71, 71, 71, 71, 71, 0, 0, 0, 294, 294, 294, 294, 294, 0, 0, 0, 0, 0, 0, 0, 0, 0, 0, 0, 0, 0, 416, 416, 416, 416, 416, 416, 416, 416, 0, 0
m 3, 4, 5, 6, 7, 8, 9, 10, 11, 12, 13, 14, 15, 16, 17, 18, 19, 20, 21, 22, 23, 24, 25, 26, 27, 28, 29, 30, 31, 32, 33, 34, 35, 36, 37, 38, 39, 40, 41, 42, 43, 44, 0, 0, 0, 0, 0, 0, 0, 0, 0, 0, 0, 0, 0, 0, 0, 0, 0, 0, 0, 72, 72, 72, 72, 72, 0, 0, 0, 293, 293, 293, 293, 293, 293, 293, 293, 0, 0, 0, 0, 0, 0, 0, 0, 0, 0, 417, 417, 417, 417, 417, 417, 417, 417, 0, 0
m 3, 4, 5, 6, 7, 8, 9, 10, 11, 12, 13, 14, 15, 16, 17, 18, 19, 20, 21, 22, 23, 24, 25, 26, 27, 28, 29, 30, 31, 32, 33, 34, 35, 36, 37, 38, 39, 40, 41, 42, 43, 44, 0, 0, 0, 0, 0, 0, 0, 0, 0, 0, 0, 0, 0, 0, 0, 0, 0, 0, 0, 73, 73, 73, 73, 73, 0, 0, 0, 292, 292, 292, 292, 292, 292, 292, 292, 0, 0, 0, 0, 0, 0, 0, 0, 0, 0, 418, 418, 418, 418, 418, 418, 418, 418, 0, 0
m 3, 4, 5, 6, 7, 8, 9, 10, 11, 12, 13, 14, 15, 16, 17, 18, 19, 20, 21, 22, 23, 24, 25, 26, 27, 28, 29, 30, 31, 32, 33, 34, 35, 36, 37, 38, 39, 40, 41, 42, 43, 44, 0, 0, 0, 0, 0, 0, 0, 0, 0, 0, 0, 0, 0, 0, 0, 0, 0, 0, 0, 74, 74, 74, 74, 74, 0, 0, 0, 291, 291, 291, 291, 291, 291, 291, 291, 0, 0, 0, 0, 0, 0, 0, 0, 0, 0, 419, 419, 419, 419, 419, 419, 419, 419, 0, 0
m 0, 0, 0, 0, 0, 0, 0, 0, 0, 0, 0, 0, 0, 0, 0, 0, 0, 0, 0, 0, 0, 0, 0, 0, 0, 0, 0, 0, 0, 0, 0, 0, 0, 0, 0, 0, 0, 40, 41, 42, 43, 44, 45, 46 47, 48, 49, 49, 50, 51, 52, 54, 56, 58, 60, 62, 64, 66, 68, 70, 72, 75, 77, 77, 76, 75, 0, 0, 0, 290, 290, 290, 290, 290, 290, 290, 290, 0, 0, 0, 0, 0, 0, 0, 0, 0, 0, 0, 0, 420, 420, 420, 420, 420, 420, 0, 0
m 0, 0, 0, 0, 0, 0, 0, 0, 0, 0, 0, 0, 0, 0, 0, 0, 0, 0, 0, 0, 0, 0, 0, 0, 0, 0, 0, 0, 0, 0, 0, 0, 0, 0, 0, 0, 0, 40, 41, 42, 43, 44, 45, 46 47, 48, 49, 49, 50, 51, 52, 54, 56, 58, 60, 62, 64, 66, 68, 70, 72, 75, 77, 77, 76, 75, 0, 0, 0, 289, 289, 289, 289, 289, 289, 289, 289, 0, 0, 0, 0, 0, 0, 0, 0, 0, 0, 0, 0, 421, 421, 421, 421, 421, 421, 0, 0
m 0, 0, 0, 0, 0, 0, 0, 0, 0, 0, 0, 0, 0, 0, 0, 0, 0, 0, 0, 0, 0, 0, 0, 0, 0, 0, 0, 0, 0, 0, 0, 0, 0, 0, 0, 0, 0, 40, 41, 42, 43, 44, 45, 46 47, 48, 49, 49, 50, 51, 52, 54, 56, 58, 60, 62, 64, 66, 68, 70, 72, 75, 77, 77, 76, 75, 0, 0, 0, 288, 288, 288, 288, 288, 288, 288, 288, 0, 0, 0, 0, 0, 0, 0, 0, 0, 0, 0, 0, 422, 422, 422, 422, 422, 422, 0, 0
m 0, 0, 0, 0, 0, 0, 0, 0, 0, 0, 0, 0, 0, 0, 0, 0, 0, 0, 0, 0, 0, 0, 0, 0, 0, 0, 0, 0, 0, 0, 0, 0, 0, 0, 0, 0, 0, 40, 41, 42, 43, 44, 45, 46 47, 48, 49, 49, 50, 51, 52, 54, 56, 58, 60, 62, 64, 66, 68, 70, 72, 75, 77, 77, 76, 75, 0, 0, 0, 287, 287, 287, 287, 287, 287, 287, 287, 0, 0, 0, 0, 0, 0, 0, 0, 0, 0, 0, 0, 423, 423, 423, 423, 423, 423, 0, 0
m 0, 0, 0, 0, 0, 0, 0, 0, 0, 0, 0, 0, 0, 0, 0, 0, 0, 0, 0, 0, 0, 0, 0, 0, 0, 0, 0, 0, 0, 0, 0, 0, 0, 0, 0, 0, 0, 40, 41, 42, 43, 44, 45, 46 47, 48, 49, 49, 50, 51, 52, 54, 56, 58, 60, 62, 64, 66, 68, 70, 72, 75, 77, 77, 76, 75, 0, 0, 0, 0, 0, 0, 286, 286, 286, 286, 286, 0, 0, 0, 0, 0, 0, 0, 0, 0, 0, 0, 0, 424, 424, 424, 424, 424, 424, 0, 0
m 0, 0, 0, 0, 0, 0, 0, 0, 0, 0, 0, 0, 0, 0, 0, 0, 0, 0, 0, 0, 0, 0, 0, 0, 0, 0, 0, 0, 0, 0, 0, 0, 0, 0, 0, 0, 0, 40, 41, 42, 43, 44, 45, 46 47, 48, 49, 49, 50, 51, 52, 54, 56, 58, 60, 62, 64, 66, 68, 70, 72, 75, 77, 77, 76, 75, 0, 0, 0, 0, 0, 0, 285, 285, 285, 285, 285, 0, 0, 0, 0, 0, 0, 0, 0, 0, 0, 0, 0, 425, 425, 425, 425, 425, 425, 0, 0
m 0, 0, 0, 0, 0, 0, 0, 0, 0, 0, 0, 0, 0, 0, 0, 0, 0, 0, 0, 0, 0, 0, 0, 0, 0, 0, 0, 0, 0, 0, 0, 0, 0, 0, 0, 0, 0, 40, 41, 42, 43, 44, 45, 46 47, 48, 49, 49, 50, 51, 52, 54, 56, 58, 60, 62, 64, 66, 68, 70, 72, 75, 77, 77, 76, 75, 0, 0, 0, 0, 0, 0, 284, 284, 284, 284, 284, 0, 0, 0, 0, 0, 0, 0, 0, 0, 0, 426, 426, 426, 426, 426, 426, 426, 426, 0, 0
m 0, 0, 0, 0, 0, 0, 0, 0, 0, 0, 0, 0, 0, 0, 0, 0, 0, 0, 0, 0, 0, 0, 0, 0, 0, 0, 0, 0, 0, 0, 0, 0, 0, 0, 0, 0, 0, 40, 41, 42, 43, 44, 45, 46 47, 48, 49, 49, 50, 51, 52, 54, 56, 58, 60, 62, 64, 66, 68, 70, 72, 75, 77, 77, 76, 75, 0, 0, 0, 283, 283, 283, 283, 283, 283, 283, 283, 0, 0, 0, 0, 0, 0, 0, 0, 0, 0, 427, 427, 427, 427, 427, 427, 427, 427, 0, 0
m 0, 0, 0, 0, 0, 0, 0, 0, 0, 0, 0, 0, 0, 0, 0, 0, 0, 0, 0, 0, 0, 0, 0, 0, 0, 0, 0, 0, 0, 0, 0, 0, 0, 0, 0, 0, 0, 0, 0, 0, 0, 0, 0, 0, 0, 0, 0, 0, 0, 0, 0, 0, 0, 0, 0, 0, 0, 0, 0, 0, 0, 78, 78, 78, 78, 78, 0, 0, 0, 282, 282, 282, 282, 282, 282, 282, 282, 0, 0, 0, 0, 0, 0, 0, 0, 0, 0, 427, 427, 427, 427, 427, 427, 427, 427, 0, 0
m 0, 0, 0, 0, 0, 0, 0, 0, 0, 0, 0, 0, 0, 0, 0, 0, 0, 0, 0, 0, 0, 0, 0, 0, 0, 0, 0, 0, 0, 0, 0, 0, 0, 0, 0, 0, 0, 0, 0, 0, 0, 0, 0, 0, 0, 0, 0, 0, 0, 0, 0, 0, 0, 0, 0, 0, 0, 0, 0, 0, 0, 79, 79, 79, 79, 79, 0, 0, 0, 281, 281, 281, 281, 281, 281, 281, 281, 0, 0, 0, 0, 0, 0, 0, 0, 0, 0, 428, 428, 428, 428, 428, 428, 428, 428, 0, 0
m 0, 0, 0, 0, 0, 0, 0, 0, 0, 0, 0, 0, 0, 143, 142, 141, 140, 139, 138, 137, 136, 135, 134, 0, 0, 0, 0, 0, 0, 0, 0, 0, 0, 0, 0, 0, 0, 0, 0, 0, 0, 0, 0, 0, 0, 0, 0, 0, 0, 0, 0, 0, 0, 0, 0, 0, 0, 0, 0, 0, 0, 80, 80, 80, 80, 80, 0, 0, 0, 280, 280, 280, 280, 280, 280, 280, 280, 0, 0, 0, 0, 0, 0, 0, 0, 0, 0, 429, 429, 429, 429, 429, 429, 429, 429, 0, 0
m 0, 0, 0, 0, 0, 0, 0, 0, 0, 0, 0, 0, 144, 143, 142, 141, 140, 139, 138, 137, 136, 135, 134, 133, 0, 0, 0, 0, 0, 0, 0, 0, 0, 0, 0, 0, 0, 0, 0, 0, 0, 0, 0, 0, 0, 0, 0, 0, 0, 0, 0, 0, 0, 0, 0, 0, 0, 0, 0, 0, 0, 81, 81, 81, 81, 81, 0, 0, 0, 279, 279, 279, 279, 279, 279, 279, 279, 0, 0, 0, 0, 0, 0, 0, 0, 0, 0, 430, 430, 430, 430, 430, 430, 0, 0, 0, 0
m 0, 0, 0, 0, 0, 0, 0, 0, 0, 0, 0, 145, 144, 143, 142, 141, 140, 139, 138, 137, 136, 135, 134, 133, 132, 0, 0, 0, 0, 0, 0, 0, 0, 0, 0, 0, 0, 0, 0, 0, 0, 0, 0, 0, 0, 0, 0, 0, 0, 0, 0, 0, 0, 0, 0, 0, 0, 0, 0, 0, 0, 82, 82, 82, 82, 82, 0, 0, 0, 278, 278, 278, 278, 278, 278, 278, 278, 0, 0, 0, 0, 0, 0, 0, 0, 0, 0, 431, 431, 431, 431, 431, 431, 0, 0, 0, 0
m 0, 0, 0, 0, 0, 0, 0, 0, 0, 148, 147, 146, 145, 144, 143, 142, 141, 140, 139, 138, 137, 136, 135, 134, 133, 132, 131, 130, 129, 128, 0, 0, 0, 0, 0, 122, 121, 120, 119, 118, 0, 0, 0, 0, 0, 0, 0, 0, 0, 0, 0, 0, 0, 0, 0, 0, 0, 0, 0, 0, 0, 83, 83, 83, 83, 83, 0, 0, 0, 277, 277, 277, 277, 277, 277, 277, 277, 0, 0, 0, 0, 0, 0, 0, 0, 0, 0, 432, 432, 432, 432, 432, 432, 0, 0, 0, 0
m 0, 0, 0, 0, 0, 0, 0, 0, 149, 148, 147, 146, 145, 144, 143, 142, 141, 140, 139, 138, 137, 136, 135, 134, 133, 132, 131, 130, 129, 128, 127, 0, 0, 0, 0, 122, 121, 120, 119, 118, 0, 0, 0, 0, 0, 0, 0, 0, 0, 0, 0, 0, 0, 0, 0, 0, 0, 0, 0, 0, 0, 84, 84, 84, 84, 84, 0, 0, 0, 276, 276, 276, 276, 276, 276, 276, 276, 0, 0, 0, 0, 0, 0, 0, 0, 0, 0, 433, 433, 433, 433, 433, 433, 0, 0, 0, 0
m 0, 0, 0, 0, 0, 0, 0, 150, 149, 148, 147, 146, 145, 144, 143, 142, 141, 140, 139, 138, 137, 136, 135, 134, 133, 132, 131, 130, 129, 128, 127, 126, 125, 124, 123, 122, 121, 120, 119, 118, 0, 0, 0, 0, 0, 0, 0, 0, 0, 0, 0, 0, 0, 0, 0, 0, 0, 0, 0, 0, 0, 85, 85, 85, 85, 85, 0, 0, 0, 0, 275, 275, 275, 275, 275, 275, 0, 0, 0, 0, 0, 0, 0, 0, 0, 0, 0, 434, 434, 434, 434, 434, 434, 0, 0, 0, 0
m 0, 0, 0, 0, 0, 0, 151, 150, 149, 148, 147, 146, 145, 144, 143, 0, 0, 0, 0, 0, 0, 0, 0, 134, 133, 132, 131, 130, 129, 128, 127, 126, 125, 124, 123, 122, 121, 120, 119, 118, 0, 0, 0, 0, 0, 0, 0, 0, 0, 0, 0, 0, 0, 0, 0, 0, 0, 0, 0, 0, 0, 86, 86, 86, 86, 86, 0, 0, 0, 0, 274, 274, 274, 274, 274, 274, 0, 0, 0, 0, 0, 0, 0, 0, 0, 0, 0, 435, 435, 435, 435, 435, 435, 0, 0, 0, 0
m 0, 0, 0, 0, 0, 152, 151, 150, 149, 148, 147, 146, 145, 144, 0, 0, 0, 0, 0, 0, 0, 0, 0, 0, 133, 132, 131, 130, 129, 128, 127, 126, 125, 124, 123, 122, 121, 120, 119, 118, 0, 0, 0, 0, 0, 0, 0, 0, 0, 0, 0, 0, 0, 0, 0, 0, 0, 0, 0, 0, 0, 87, 87, 87, 87, 87, 0, 0, 0, 0, 0, 273, 273, 273, 273, 0, 0, 0, 0, 0, 0, 0, 0, 0, 0, 0, 0, 436, 436, 436, 436, 436, 436, 436, 436, 0, 0
m 0, 0, 0, 0, 153, 152, 151, 150, 149, 148, 147, 146, 145, 0, 0, 0, 0, 0, 0, 0, 0, 0, 0, 0, 0, 132, 131, 130, 129, 128, 127, 126, 125, 124, 123, 122, 121, 120, 119, 118, 0, 0, 0, 0, 0, 0, 0, 0, 0, 0, 0, 0, 0, 0, 0, 0, 0, 0, 0, 0, 0, 88, 88, 88, 88, 88, 0, 0, 0, 0, 0, 272, 272, 272, 272, 0, 0, 0, 0, 0, 0, 0, 0, 0, 0, 0, 0, 437, 437, 437, 437, 437, 437, 437, 437, 0, 0
m 0, 0, 0, 154, 153, 152, 151, 150, 149, 148, 147, 0, 0, 0, 0, 0, 0, 0, 0, 0, 0, 0, 0, 0, 0, 0, 0, 0, 0, 0, 127, 126, 125, 124, 123, 122, 121, 120, 119, 118, 0, 0, 0, 0, 0, 0, 0, 0, 0, 0, 0, 0, 0, 0, 0, 0, 0, 0, 0, 0, 0, 89, 89, 89, 89, 89, 0, 0, 0, 0, 0, 271, 271, 271, 271, 0, 0, 0, 0, 0, 0, 0, 0, 0, 0, 0, 0, 438, 438, 438, 438, 438, 438, 438, 438, 0, 0
m 0, 0, 155, 154, 153, 152, 151, 150, 149, 148, 0, 0, 0, 0, 0, 0, 0, 0, 139, 138, 137, 0, 0, 0, 0, 0, 0, 0, 0, 0, 0, 124, 123, 122, 121, 120, 121, 120, 119, 118, 0, 0, 0, 0, 0, 0, 0, 0, 0, 0, 0, 0, 0, 0, 0, 0, 0, 0, 0, 0, 0, 90, 90, 90, 90, 90, 0, 0, 0, 0, 0, 270, 270, 270, 270, 0, 0, 0, 0, 0, 0, 0, 0, 0, 0, 0, 0, 439, 439, 439, 439, 439, 439, 439, 439, 0, 0
m 0, 0, 156, 155, 154, 153, 152, 151, 150, 0, 0, 0, 0, 0, 0, 0, 0, 140, 139, 138, 137, 136, 0, 0, 0, 0, 0, 0, 0, 0, 0, 0, 0, 0, 0, 120, 121, 120, 119, 118, 117, 116, 115, 114, 113, 112, 111, 110, 109, 108, 107, 106, 105, 104, 103, 102, 101, 100, 99, 98, 97, 96, 95, 94, 93, 91, 0, 0, 0, 0, 0, 269, 269, 269, 269, 0, 0, 0, 0, 0, 0, 0, 0, 0, 0, 0, 0, 440, 440, 440, 440, 440, 440, 440, 440, 0, 0
m 0, 0, 157, 157, 157, 157, 157, 157, 0, 0, 0, 0, 0, 0, 0, 0, 141, 140, 139, 138, 137, 136, 0, 0, 0, 0, 0, 0, 0, 0, 0, 0, 0, 0, 0, 120, 121, 120, 119, 118, 117, 116, 115, 114, 113, 112, 111, 110, 109, 108, 107, 106, 105, 104, 103, 102, 101, 100, 99, 98, 97, 96, 95, 94, 93, 91, 0, 0, 0, 0, 0, 268, 268, 268, 268, 0, 0, 0, 0, 0, 0, 0, 0, 0, 0, 0, 0, 0, 0, 441, 441, 441, 441, 441, 441, 0, 0
m 0, 0, 158, 158, 158, 158, 158, 0, 0, 0, 0, 0, 0, 0, 0, 142, 141, 140, 139, 138, 137, 136, 135, 134, 133, 132, 131, 130, 129, 128, 127, 126, 125, 124, 123, 122, 121, 120, 119, 118, 117, 116, 115, 114, 113, 112, 111, 110, 109, 108, 107, 106, 105, 104, 103, 102, 101, 100, 99, 98, 97, 96, 95, 94, 93, 91, 0, 0, 0, 0, 267, 267, 267, 267, 267, 267, 0, 0, 0, 0, 0, 0, 0, 0, 0, 0, 0, 0, 0, 442, 442, 442, 442, 442, 442, 0, 0
m 0, 0, 159, 159, 159, 159, 159, 0, 0, 0, 0, 0, 0, 0, 0, 142, 141, 140, 139, 138, 137, 136, 135, 134, 133, 132, 131, 130, 129, 128, 127, 126, 125, 124, 123, 122, 121, 120, 119, 118, 117, 116, 115, 114, 113, 112, 111, 110, 109, 108, 107, 106, 105, 104, 103, 102, 101, 100, 99, 98, 97, 96, 95, 94, 93, 91, 0, 0, 0, 0, 266, 266, 266, 266, 266, 266, 0, 0, 0, 0, 0, 0, 0, 0, 0, 0, 0, 0, 0, 443, 443, 443, 443, 443, 443, 0, 0
m 0, 0, 160, 160, 160, 160, 160, 0, 0, 0, 0, 0, 0, 0, 0, 142, 141, 140, 139, 138, 137, 136, 135, 134, 133, 132, 131, 130, 129, 128, 127, 126, 125, 124, 123, 122, 121, 120, 119, 118, 117, 116, 115, 114, 113, 112, 111, 110, 109, 108, 107, 106, 105, 104, 103, 102, 101, 100, 99, 98, 97, 96, 95, 94, 93, 91, 0, 0, 0, 265, 265, 265, 265, 265, 265, 265, 265, 0, 0, 0, 0, 0, 0, 0, 0, 0, 0, 0, 0, 444, 444, 444, 444, 444, 444, 0, 0
m 0, 0, 161, 161, 161, 161, 161, 0, 0, 0, 0, 0, 0, 0, 0, 142, 141, 140, 139, 138, 137, 136, 135, 134, 133, 132, 131, 130, 129, 128, 127, 126, 125, 124, 123, 122, 121, 120, 119, 118, 117, 116, 115, 114, 113, 112, 111, 110, 109, 108, 107, 106, 105, 104, 103, 102, 101, 100, 99, 98, 97, 96, 95, 94, 93, 91, 0, 0, 0, 264, 264, 264, 264, 264, 264, 264, 264, 0, 0, 0, 0, 0, 0, 0, 0, 0, 0, 0, 0, 445, 445, 445, 445, 445, 445, 0, 0
m 0, 0, 162, 162, 162, 162, 162, 0, 0, 0, 0, 0, 0, 0, 0, 0, 141, 140, 139, 138, 137, 136, 0, 0, 0, 0, 0, 0, 0, 0, 0, 0, 0, 0, 0, 120, 121, 120, 119, 118, 117, 116, 115, 114, 113, 112, 111, 110, 109, 108, 107, 106, 105, 104, 103, 102, 101, 100, 99, 98, 97, 96, 95, 94, 93, 91, 0, 0, 0, 263, 263, 263, 263, 263, 263, 263, 263, 0, 0, 0, 0, 0, 0, 0, 0, 0, 0, 0, 0, 446, 446, 446, 446, 446, 446, 0, 0
m 0, 0, 163, 163, 163, 163, 163, 0, 0, 0, 0, 0, 0, 0, 0, 0, 0, 140, 139, 138, 137, 136, 0, 0, 0, 0, 0, 0, 0, 0, 0, 0, 0, 0, 0, 120, 121, 120, 119, 118, 117, 116, 115, 114, 113, 112, 111, 110, 109, 108, 107, 106, 105, 104, 103, 102, 101, 100, 99, 98, 97, 96, 95, 94, 93, 91, 0, 0, 0, 262, 262, 262, 262, 262, 262, 262, 262, 0, 0, 0, 0, 0, 0, 0, 0, 0, 0, 447, 447, 447, 447, 447, 447, 447, 447, 0, 0
m 0, 0, 164, 164, 164, 164, 164, 0, 0, 0, 0, 0, 0, 0, 0, 0, 0, 0, 139, 138, 137, 0, 0, 0, 0, 0, 0, 0, 0, 0, 127, 126, 125, 124, 123, 122, 121, 120, 119, 118, 0, 0, 0, 0, 0, 0, 0, 0, 0, 0, 0, 0, 0, 0, 0, 0, 0, 0, 0, 0, 0, 0, 0, 0, 0, 0, 0, 0, 0, 261, 261, 261, 261, 261, 261, 261, 261, 0, 0, 0, 0, 0, 0, 0, 0, 0, 0, 448, 448, 448, 448, 448, 448, 448, 448, 0, 0
m 0, 0, 165, 165, 165, 165, 165, 0, 0, 0, 0, 0, 0, 0, 0, 0, 0, 0, 0, 0, 0, 0, 0, 0, 0, 0, 0, 0, 0, 128, 127, 126, 125, 124, 123, 122, 121, 120, 119, 118, 0, 0, 0, 0, 0, 0, 0, 0, 0, 0, 0, 0, 0, 0, 0, 0, 0, 0, 0, 0, 0, 0, 0, 0, 0, 0, 0, 0, 0, 260, 260, 260, 260, 260, 260, 260, 260, 0, 0, 0, 0, 0, 0, 0, 0, 0, 0, 449, 449, 449, 449, 449, 449, 449, 449, 0, 0
m 0, 0, 166, 166, 166, 166, 166, 0, 0, 0, 0, 0, 0, 0, 0, 0, 0, 0, 0, 0, 0, 0, 0, 0, 0, 0, 0, 0, 0, 128, 127, 127, 126, 125, 124, 123, 121, 120, 119, 118, 0, 0, 0, 0, 0, 0, 0, 0, 0, 0, 0, 0, 0, 0, 0, 0, 0, 0, 0, 0, 0, 0, 0, 0, 0, 0, 0, 0, 0, 259, 259, 259, 259, 259, 259, 259, 259, 0, 0, 0, 0, 0, 0, 0, 0, 0, 0, 450, 450, 450, 450, 450, 450, 450, 450, 0, 0
m 0, 0, 167, 167, 167, 167, 167, 0, 0, 0, 0, 0, 0, 0, 0, 0, 0, 0, 0, 0, 0, 0, 0, 0, 0, 0, 0, 0, 0, 128, 127, 127, 126, 125, 124, 123, 121, 120, 119, 118, 0, 0, 0, 0, 0, 0, 0, 0, 0, 0, 0, 0, 0, 0, 0, 0, 0, 0, 0, 0, 0, 0, 0, 0, 0, 0, 0, 0, 0, 258, 258, 258, 258, 258, 258, 258, 258, 0, 0, 0, 0, 0, 0, 0, 0, 0, 0, 451, 451, 451, 451, 451, 451, 451, 451, 0, 0
m 0, 0, 168, 168, 168, 168, 168, 0, 0, 0, 0, 0, 0, 0, 0, 0, 0, 0, 0, 0, 0, 0, 0, 0, 0, 0, 0, 0, 0, 128, 127, 127, 126, 125, 124, 123, 121, 120, 119, 118, 0, 0, 0, 0, 0, 0, 0, 0, 0, 0, 0, 0, 0, 0, 0, 0, 0, 0, 0, 0, 0, 0, 0, 0, 0, 0, 0, 0, 0, 257, 257, 257, 257, 257, 257, 257, 257, 0, 0, 0, 0, 0, 0, 0, 0, 0, 0, 452, 452, 452, 452, 452, 452, 0, 0, 0, 0
m 0, 0, 169, 169, 169, 169, 169, 0, 0, 0, 0, 0, 0, 0, 0, 0, 0, 0, 0, 0, 0, 0, 0, 0, 0, 0, 0, 0, 0, 0, 128, 127, 126, 125, 124, 123, 121, 120, 119, 118, 0, 0, 0, 0, 0, 0, 0, 0, 0, 0, 0, 0, 0, 0, 0, 0, 0, 0, 0, 0, 0, 0, 0, 0, 0, 0, 0, 0, 0, 256, 256, 256, 256, 256, 256, 256, 256, 0, 0, 0, 0, 0, 0, 0, 0, 0, 0, 453, 453, 453, 453, 453, 453, 0, 0, 0, 0
m 0, 0, 170, 170, 170, 170, 170, 0, 0, 0, 0, 0, 0, 0, 0, 0, 0, 0, 0, 0, 0, 0, 0, 0, 0, 0, 0, 0, 0, 0, 0, 0, 0, 0, 0, 0, 0, 0, 0, 0, 0, 0, 0, 0, 0, 0, 0, 0, 0, 0, 0, 0, 0, 0, 0, 0, 0, 0, 0, 0, 0, 0, 0, 0, 0, 0, 0, 0, 0, 255, 255, 255, 255, 255, 255, 255, 255, 0, 0, 0, 0, 0, 0, 0, 0, 0, 0, 454, 454, 454, 454, 454, 454, 0, 0, 0, 0
m 0, 0, 171, 171, 171, 171, 171, 0, 0, 0, 0, 0, 0, 0, 0, 0, 0, 0, 0, 0, 0, 0, 0, 0, 0, 0, 0, 0, 0, 0, 0, 0, 0, 0, 0, 0, 0, 0, 0, 0, 0, 0, 0, 0, 0, 0, 0, 0, 0, 0, 0, 0, 0, 0, 0, 0, 0, 0, 0, 0, 0, 0, 0, 0, 0, 0, 0, 0, 0, 254, 254, 254, 254, 254, 254, 254, 254, 0, 0, 0, 0, 0, 0, 0, 0, 0, 0, 455, 455, 455, 455, 455, 455, 0, 0, 0, 0
m 0, 0, 172, 172, 172, 172, 172, 0, 0, 0, 0, 0, 0, 0, 0, 0, 0, 0, 0, 0, 0, 0, 0, 0, 0, 0, 0, 0, 0, 0, 0, 0, 0, 0, 0, 0, 0, 0, 0, 0, 0, 0, 0, 0, 0, 0, 0, 0, 0, 0, 0, 0, 0, 0, 0, 0, 0, 0, 0, 0, 0, 0, 0, 0, 0, 0, 0, 253, 253, 253, 253, 253, 253, 253, 253, 253, 253, 0, 0, 0, 0, 0, 0, 0, 0, 0, 0, 456, 456, 456, 456, 456, 456, 0, 0, 0, 0
m 0, 0, 173, 173, 173, 173, 173, 0, 0, 0, 0, 0, 0, 0, 0, 0, 0, 0, 0, 0, 0, 0, 0, 0, 0, 0, 0, 0, 0, 0, 0, 0, 0, 0, 0, 0, 0, 0, 0, 0, 0, 0, 0, 0, 0, 0, 0, 0, 0, 0, 0, 0, 0, 0, 0, 0, 0, 0, 0, 0, 0, 0, 0, 0, 0, 0, 0, 252, 252, 252, 252, 252, 252, 252, 252, 252, 252, 0, 0, 0, 0, 0, 0, 0, 0, 0, 0, 457, 457, 457, 457, 457, 457, 0, 0, 0, 0
m 0, 0, 174, 174, 174, 174, 174, 0, 0, 0, 0, 0, 0, 0, 0, 0, 0, 0, 0, 0, 0, 0, 0, 0, 0, 0, 0, 0, 0, 0, 0, 0, 0, 0, 0, 0, 0, 0, 0, 0, 0, 0, 0, 0, 0, 0, 0, 0, 0, 0, 0, 0, 0, 0, 0, 0, 0, 0, 0, 0, 0, 0, 0, 0, 0, 0, 251, 251, 251, 251, 251, 251, 251, 251, 251, 251, 251, 0, 0, 0, 0, 0, 0, 0, 0, 0, 0, 458, 458, 458, 458, 458, 458, 458, 458, 0, 0
m 0, 175, 176, 177, 178, 179, 180, 181, 182, 183, 184, 185, 186, 187, 188, 189, 190, 191, 192, 193, 194, 195, 196, 197, 198, 199, 200, 201, 202, 203, 204, 205, 206, 207, 208, 209, 210, 211, 212, 213, 214, 215, 216, 217, 218, 219, 220, 221, 222, 223, 224, 225, 226, 227, 228, 229, 230, 231, 232, 233, 234, 235, 236, 237, 238, 239, 240, 241, 242, 243, 244, 245, 246, 247, 248, 249, 250, 0, 0, 0, 0, 0, 0, 0, 0, 0, 0, 459, 459, 459, 459, 459, 459, 459, 459, 0, 0
m 0, 175, 176, 177, 178, 179, 180, 181, 182, 183, 184, 185, 186, 187, 188, 189, 190, 191, 192, 193, 194, 195, 196, 197, 198, 199, 200, 201, 202, 203, 204, 205, 206, 207, 208, 209, 210, 211, 212, 213, 214, 215, 216, 217, 218, 219, 220, 221, 222, 223, 224, 225, 226, 227, 228, 229, 230, 231, 232, 233, 234, 235, 236, 237, 238, 239, 240, 241, 242, 243, 244, 245, 246, 247, 248, 249, 250, 0, 0, 0, 0, 0, 0, 0, 0, 0, 0, 460, 460, 460, 460, 460, 460, 460, 460, 0, 0
m 0, 175, 176, 177, 178, 179, 180, 181, 182, 183, 184, 185, 186, 187, 188, 189, 190, 191, 192, 193, 194, 195, 196, 197, 198, 199, 200, 201, 202, 203, 204, 205, 206, 207, 208, 209, 210, 211, 212, 213, 214, 215, 216, 217, 218, 219, 220, 221, 222, 223, 224, 225, 226, 227, 228, 229, 230, 231, 232, 233, 234, 235, 236, 237, 238, 239, 240, 241, 242, 243, 244, 245, 246, 247, 248, 249, 250, 0, 0, 0, 0, 0, 0, 0, 0, 0, 0, 461, 461, 461, 461, 461, 461, 461, 461, 0, 0
m 0, 175, 176, 177, 178, 179, 180, 181, 182, 183, 184, 185, 186, 187, 188, 189, 190, 191, 192, 193, 194, 195, 196, 197, 198, 199, 200, 201, 202, 203, 204, 205, 206, 207, 208, 209, 210, 211, 212, 213, 214, 215, 216, 217, 218, 219, 220, 221, 222, 223, 224, 225, 226, 227, 228, 229, 230, 231, 232, 233, 234, 235, 236, 237, 238, 239, 240, 241, 242, 243, 244, 245, 246, 247, 248, 249, 250, 0, 0, 0, 0, 0, 0, 0, 0, 0, 0, 462, 462, 462, 462, 462, 462, 462, 462, 0, 0
m 0, 175, 176, 177, 178, 179, 180, 181, 182, 183, 184, 185, 186, 187, 188, 189, 190, 191, 192, 193, 194, 195, 196, 197, 198, 199, 200, 201, 202, 203, 204, 205, 206, 207, 208, 209, 210, 211, 212, 213, 214, 215, 216, 217, 218, 219, 220, 221, 222, 223, 224, 225, 226, 227, 228, 229, 230, 231, 232, 233, 234, 235, 236, 237, 238, 239, 240, 241, 242, 243, 244, 245, 246, 247, 248, 249, 250, 0, 0, 0, 0, 0, 0, 0, 0, 0, 0, 0, 0, 463, 463, 463, 463, 463, 463, 0, 0
m 0, 0, 0, 0, 0, 0, 0, 0, 0, 0, 0, 0, 0, 0, 0, 0, 0, 0, 0, 0, 0, 0, 0, 0, 0, 0, 0, 0, 0, 0, 0, 0, 0, 0, 0, 0, 0, 0, 0, 0, 0, 0, 0, 0, 0, 0, 0, 0, 0, 0, 0, 0, 0, 0, 0, 0, 0, 0, 0, 0, 0, 0, 0, 0, 0, 0, 240, 241, 242, 243, 244, 245, 246, 247, 248, 249, 250, 0, 0, 0, 0, 0, 0, 0, 0, 0, 0, 0, 0, 464, 464, 464, 464, 464, 464, 0, 0 
m 0, 0, 0, 0, 0, 0, 0, 0, 0, 0, 0, 0, 0, 0, 0, 0, 0, 0, 0, 0, 0, 0, 0, 0, 0, 0, 0, 0, 0, 0, 0, 0, 0, 0, 0, 0, 0, 0, 0, 0, 0, 0, 0, 0, 0, 0, 0, 0, 0, 0, 0, 0, 0, 0, 0, 0, 0, 0, 0, 0, 0, 0, 0, 0, 0, 0, 0, 241, 242, 243, 244, 245, 246, 247, 248, 249, 250, 0, 0, 0, 0, 0, 0, 0, 0, 0, 0, 0, 0, 465, 465, 465, 465, 465, 465, 0, 0
m 0, 0, 0, 0, 0, 0, 0, 0, 0, 0, 0, 0, 0, 0, 0, 0, 0, 0, 0, 0, 0, 0, 0, 0, 0, 0, 0, 0, 0, 0, 0, 0, 0, 0, 0, 0, 0, 0, 0, 0, 0, 0, 0, 0, 0, 0, 0, 0, 0, 0, 0, 0, 0, 0, 0, 0, 0, 0, 0, 0, 0, 0, 0, 0, 0, 0, 0, 0, 0, 0, 0, 0, 0, 0, 0, 0, 0, 0, 0, 0, 0, 0, 0, 0, 0, 0, 0, 0, 0, 466, 466, 466, 466, 466, 466, 0, 0
m 0, 0, 0, 0, 0, 0, 0, 0, 0, 0, 0, 0, 0, 0, 0, 0, 0, 0, 0, 0, 0, 0, 0, 0, 0, 0, 0, 0, 0, 0, 0, 0, 0, 0, 0, 0, 0, 0, 0, 0, 0, 0, 0, 0, 0, 0, 0, 0, 0, 0, 0, 0, 0, 0, 0, 0, 0, 0, 0, 0, 0, 0, 0, 0, 0, 0, 0, 0, 0, 0, 0, 0, 0, 0, 0, 0, 0, 0, 0, 0, 0, 0, 0, 0, 0, 0, 0, 0, 0, 467, 467, 467, 467, 467, 467, 0, 0
m 0, 0, 0, 0, 0, 0, 0, 0, 0, 0, 0, 0, 0, 0, 0, 0, 0, 0, 0, 0, 0, 0, 0, 0, 0, 0, 0, 0, 0, 0, 0, 0, 0, 0, 0, 0, 0, 0, 0, 0, 0, 0, 0, 0, 0, 0, 0, 0, 0, 0, 0, 0, 0, 0, 0, 0, 0, 0, 0, 0, 0, 0, 0, 0, 0, 0, 0, 0, 0, 0, 0, 0, 0, 0, 0, 0, 0, 0, 0, 0, 0, 0, 0, 0, 0, 0, 0, 0, 0, 468, 468, 468, 468, 468, 468, 0, 0
m 0, 0, 0, 0, 0, 0, 0, 0, 0, 0, 0, 0, 0, 0, 0, 0, 0, 0, 0, 0, 0, 0, 0, 0, 0, 0, 0, 0, 0, 0, 0, 0, 0, 0, 0, 0, 0, 0, 0, 0, 0, 0, 0, 0, 0, 0, 0, 0, 0, 0, 0, 0, 0, 0, 0, 0, 0, 0, 0, 0, 0, 0, 0, 0, 0, 0, 0, 0, 0, 0, 0, 0, 0, 0, 0, 0, 0, 0, 0, 0, 0, 0, 0, 0, 0, 0, 0, 469, 469, 469, 469, 469, 469, 469, 469, 0, 0
m 0, 0, 0, 0, 0, 0, 0, 0, 0, 0, 0, 0, 0, 0, 0, 0, 0, 0, 0, 0, 0, 0, 0, 0, 0, 0, 0, 0, 0, 0, 0, 0, 0, 0, 0, 0, 0, 0, 0, 0, 0, 0, 0, 0, 0, 0, 0, 0, 0, 0, 0, 0, 0, 0, 0, 0, 0, 0, 0, 0, 0, 0, 0, 0, 0, 0, 0, 0, 0, 0, 0, 0, 0, 0, 0, 0, 0, 0, 0, 0, 0, 0, 0, 0, 0, 0, 0, 470, 470, 470, 470, 470, 470, 470, 470, 0, 0
m 0, 0, 0, 0, 0, 0, 0, 0, 0, 0, 0, 0, 0, 0, 0, 0, 0, 0, 0, 0, 0, 0, 0, 0, 0, 0, 0, 0, 0, 0, 0, 0, 0, 0, 0, 0, 0, 0, 0, 0, 0, 0, 0, 0, 0, 0, 0, 0, 0, 0, 0, 0, 0, 0, 0, 0, 0, 0, 0, 0, 0, 0, 0, 0, 0, 0, 0, 0, 0, 0, 0, 0, 0, 0, 0, 0, 0, 0, 0, 0, 0, 0, 0, 0, 0, 0, 0, 471, 471, 471, 471, 471, 471, 471, 471, 0, 0
m 0, 0, 0, 578, 577, 576, 575, 574, 573, 572, 571, 570, 569, 568, 567, 566, 0, 0, 0, 0, 0, 0, 0, 0, 0, 0, 0, 0, 0, 0, 0, 0, 0, 0, 0, 0, 0, 0, 0, 0, 0, 0, 0, 0, 0, 0, 0, 0, 0, 0, 0, 0, 0, 0, 0, 0, 0, 0, 0, 0, 0, 0, 0, 0, 0, 0, 0, 0, 0, 0, 0, 0, 0, 0, 0, 0, 0, 0, 0, 0, 0, 0, 0, 0, 0, 0, 0, 472, 472, 472, 472, 472, 472, 472, 472, 0, 0
m 0, 0, 0, 578, 577, 576, 575, 574, 573, 572, 571, 570, 569, 568, 567, 566, 565, 0, 0, 0, 0, 0, 0, 0, 0, 0, 0, 0, 0, 0, 0, 0, 0, 0, 0, 0, 0, 0, 0, 0, 0, 0, 0, 0, 0, 0, 0, 0, 0, 0, 0, 0, 0, 0, 0, 0, 0, 0, 0, 0, 0, 0, 0, 0, 0, 0, 0, 0, 0, 0, 0, 0, 0, 0, 0, 0, 0, 0, 0, 0, 0, 0, 0, 0, 0, 0, 0, 473, 473, 473, 473, 473, 473, 473, 473, 0, 0
m 0, 0, 0, 578, 577, 576, 575, 574, 573, 572, 571, 570, 569, 568, 567, 566, 565, 0, 0, 0, 0, 0, 0, 0, 0, 0, 0, 0, 0, 0, 0, 0, 0, 0, 0, 0, 0, 0, 0, 0, 0, 0, 0, 0, 0, 0, 0, 0, 0, 0, 0, 0, 0, 0, 0, 0, 0, 0, 0, 0, 0, 0, 0, 0, 0, 0, 0, 0, 0, 0, 0, 0, 0, 0, 0, 0, 0, 0, 0, 0, 0, 0, 0, 0, 0, 0, 0, 474, 474, 474, 474, 474, 474, 474, 474, 0, 0
m 0, 0, 0, 578, 577, 576, 575, 574, 573, 572, 571, 570, 569, 568, 567, 566, 565, 0, 0, 0, 0, 0, 0, 0, 0, 0, 0, 0, 0, 0, 0, 0, 0, 0, 0, 0, 0, 0, 0, 0, 0, 0, 0, 0, 0, 0, 0, 0, 0, 0, 0, 0, 0, 0, 0, 0, 0, 0, 0, 0, 0, 0, 0, 0, 0, 0, 0, 0, 0, 0, 0, 0, 0, 0, 0, 0, 0, 0, 0, 0, 0, 0, 0, 0, 0, 0, 0, 475, 475, 475, 475, 475, 475, 475, 475, 0, 0
m 0, 0, 0, 578, 577, 576, 575, 574, 573, 572, 571, 570, 569, 568, 567, 566, 565, 0, 0, 0, 0, 0, 0, 0, 0, 0, 0, 0, 0, 0, 0, 0, 0, 0, 0, 0, 0, 0, 0, 542, 541, 540, 539, 538, 537, 536, 0, 0, 0, 0, 0, 0, 0, 0, 0, 0, 0, 0, 0, 0, 0, 0, 0, 0, 0, 0, 0, 0, 0, 0, 0, 508, 507, 506, 505, 504, 503, 502, 0, 0, 0, 0, 0, 0, 0, 0, 0, 476, 476, 476, 476, 476, 476, 476, 476, 0, 0
m 0, 0, 0, 578, 577, 576, 575, 574, 573, 572, 571, 570, 569, 568, 567, 566, 565, 0, 0, 0, 0, 0, 0, 0, 0, 0, 0, 0, 0, 0, 0, 0, 549, 548, 547, 546, 545, 544, 543, 542, 541, 540, 539, 538, 537, 536, 535, 0, 0, 0, 0, 0, 0, 0, 0, 0, 0, 0, 0, 0, 0, 0, 0, 0, 515, 514, 513, 512, 511, 510, 509, 508, 507, 506, 505, 504, 503, 502, 501, 0, 0, 0, 0, 0, 0, 0, 0, 477, 477, 477, 477, 477, 477, 477, 477, 0, 0
m 0, 0, 0, 578, 577, 576, 575, 574, 573, 572, 571, 570, 569, 568, 567, 566, 565, 0, 0, 0, 0, 0, 0, 0, 0, 0, 0, 0, 0, 0, 0, 550, 549, 548, 547, 546, 545, 544, 543, 542, 541, 540, 539, 538, 537, 536, 535, 0, 0, 0, 0, 0, 0, 0, 0, 0, 0, 0, 0, 0, 0, 0, 0, 516, 515, 514, 513, 512, 511, 510, 509, 508, 507, 506, 505, 504, 503, 502, 501, 0, 0, 0, 0, 0, 0, 0, 0, 478, 478, 478, 478, 478, 478, 478, 478, 0, 0
m 0, 0, 0, 578, 577, 576, 575, 574, 573, 572, 571, 570, 569, 568, 567, 566, 565, 0, 0, 0, 0, 0, 0, 0, 0, 0, 0, 0, 0, 0, 0, 550, 549, 548, 547, 546, 545, 544, 543, 542, 541, 540, 539, 538, 537, 536, 535, 0, 0, 0, 0, 0, 0, 0, 0, 0, 0, 0, 0, 0, 0, 0, 0, 516, 515, 514, 513, 512, 511, 510, 509, 508, 507, 506, 505, 504, 503, 502, 501, 0, 0, 0, 0, 0, 0, 0, 0, 479, 479, 479, 479, 479, 479, 479, 479, 0, 0
m 0, 0, 0, 578, 577, 576, 575, 574, 573, 572, 571, 570, 569, 568, 567, 566, 565, 0, 0, 0, 0, 0, 0, 0, 0, 0, 0, 0, 0, 0, 0, 550, 549, 548, 547, 546, 545, 544, 543, 542, 541, 540, 539, 538, 537, 536, 535, 0, 0, 0, 0, 0, 0, 0, 0, 0, 0, 0, 0, 0, 0, 0, 0, 516, 515, 514, 513, 512, 511, 510, 509, 508, 507, 506, 505, 504, 503, 502, 501, 500, 0, 0, 0, 0, 0, 0, 0, 480, 480, 480, 480, 480, 480, 480, 480, 0, 0
m 0, 0, 0, 578, 577, 576, 575, 574, 573, 572, 571, 570, 569, 568, 567, 566, 565, 564, 0, 0, 0, 0, 0, 0, 0, 0, 0, 0, 0, 0, 551, 550, 549, 548, 547, 546, 545, 544, 543, 542, 541, 540, 539, 538, 537, 536, 535, 534, 0, 0, 0, 0, 0, 0, 0, 0, 0, 0, 0, 0, 0, 0, 517, 516, 515, 514, 513, 512, 511, 510, 509, 508, 507, 506, 505, 504, 503, 502, 501, 500, 499, 0, 0, 0, 0, 0, 0, 481, 481, 481, 481, 481, 481, 481, 481, 0, 0
m 0, 0, 0, 578, 577, 576, 575, 574, 573, 572, 571, 570, 569, 568, 567, 566, 565, 564, 563, 0, 0, 0, 0, 0, 0, 0, 0, 0, 0, 552, 551, 550, 549, 548, 547, 546, 545, 544, 543, 542, 541, 540, 539, 538, 537, 536, 535, 534, 533, 0, 0, 0, 0, 0, 0, 0, 0, 0, 0, 0, 0, 518, 517, 516, 515, 514, 513, 512, 511, 510, 509, 508, 507, 506, 505, 504, 503, 502, 501, 500, 499, 498, 0, 0, 0, 0, 0, 482, 482, 482, 482, 482, 482, 482, 482, 0, 0
m 0, 0, 0, 578, 577, 576, 575, 574, 573, 572, 571, 570, 569, 568, 567, 566, 565, 564, 563, 562, 0, 0, 0, 0, 0, 0, 0, 0, 553, 552, 551, 550, 549, 548, 547, 546, 545, 544, 543, 542, 541, 540, 539, 538, 537, 536, 535, 534, 533, 532, 0, 0, 0, 0, 0, 0, 0, 0, 0, 0, 519, 518, 517, 516, 515, 514, 513, 512, 511, 510, 509, 508, 507, 506, 505, 504, 503, 502, 501, 500, 499, 498, 497, 0, 0, 0, 0, 483, 483, 483, 483, 483, 483, 483, 483, 0, 0
m 0, 0, 0, 578, 577, 576, 575, 573, 572, 571, 570, 569, 568, 567, 565, 564, 563, 562, 561, 560, 559, 0, 0, 0, 0, 0, 0, 552, 551, 550, 549, 548, 547, 546, 545, 544, 543, 542, 541, 540, 539, 538, 537, 536, 535, 534, 533, 532, 531, 530, 529, 0, 0, 0, 0, 0, 0, 0, 0, 520, 519, 518, 517, 516, 515, 514, 513, 512, 511, 510, 509, 508, 507, 506, 505, 504, 503, 502, 501, 500, 499, 498, 497, 496, 0, 0, 0, 484, 484, 484, 484, 484, 484, 484, 484, 0, 0
m 0, 0, 0, 0, 0, 0, 0, 0, 0, 0, 570, 569, 568, 567, 566, 565, 564, 563, 562, 561, 560, 559, 558, 557, 556, 555, 554, 553, 552, 551, 550, 549, 548, 547, 546, 545, 0, 0, 0, 0, 0, 0, 538, 537, 536, 535, 534, 533, 532, 531, 530, 529, 528, 527, 526, 525, 524, 523, 522, 521, 520, 519, 519, 518, 517, 516, 515, 514, 0, 0, 0, 0, 0, 0, 505, 504, 503, 502, 501, 500, 499, 498, 497, 496, 495, 494, 493, 492, 491, 490, 489, 488, 487, 486, 485, 0, 0
m 0, 0, 0, 0, 0, 0, 0, 0, 0, 0, 0, 569, 568, 567, 566, 565, 564, 563, 562, 561, 560, 559, 558, 557, 556, 555, 554, 553, 552, 551, 550, 549, 548, 547, 546, 0, 0, 0, 0, 0, 0, 0, 0, 537, 536, 535, 534, 533, 532, 531, 530, 529, 528, 527, 526, 525, 524, 523, 522, 521, 520, 519, 518, 517, 516, 515, 514, 0, 0, 0, 0, 0, 0, 0, 0, 505, 504, 502, 501, 500, 499, 498, 497, 496, 495, 494, 493, 492, 491, 490, 489, 488, 487, 486, 485, 0, 0
m 0, 0, 0, 0, 0, 0, 0, 0, 0, 0, 0, 0, 568, 567, 566, 565, 564, 563, 562, 561, 560, 559, 558, 557, 556, 555, 554, 553, 552, 551, 550, 549, 548, 547, 0, 0, 0, 0, 0, 0, 0, 0, 0, 0, 536, 535, 534, 533, 532, 531, 530, 529, 528, 527, 526, 525, 524, 523, 522, 521, 520, 519, 518, 517, 516, 515, 0, 0, 0, 0, 0, 0, 0, 0, 0, 0, 504, 502, 501, 500, 499, 498, 497, 496, 495, 494, 493, 492, 491, 490, 489, 488, 487, 486, 485, 0, 0
m 0, 0, 0, 0, 0, 0, 0, 0, 0, 0, 0, 0, 0, 567, 566, 565, 564, 563, 562, 561, 560, 559, 558, 557, 556, 555, 554, 553, 552, 551, 550, 549, 548, 0, 0, 0, 0, 0, 0, 0, 0, 0, 0, 0, 0, 535, 534, 533, 532, 531, 530, 529, 528, 527, 526, 525, 524, 523, 522, 521, 520, 519, 518, 517, 516, 0, 0, 0, 0, 0, 0, 0, 0, 0, 0, 0, 0, 502, 501, 500, 499, 498, 497, 496, 495, 494, 493, 492, 491, 490, 489, 488, 487, 486, 485, 0, 0
m 0, 0, 0, 0, 0, 0, 0, 0, 0, 0, 0, 0, 0, 0, 566, 565, 564, 563, 562, 561, 560, 559, 558, 557, 556, 555, 554, 553, 552, 551, 550, 549, 0, 0, 0, 0, 0, 0, 0, 0, 0, 0, 0, 0, 0, 0, 534, 533, 532, 531, 530, 529, 528, 527, 526, 525, 524, 523, 522, 521, 520, 519, 518, 517, 0, 0, 0, 0, 0, 0, 0, 0, 0, 0, 0, 0, 0, 0, 01, 500, 499, 498, 497, 496, 495, 494, 493, 492, 491, 490, 489, 488, 487, 486, 485, 0, 0
m 0, 0, 0, 0, 0, 0, 0, 0, 0, 0, 0, 0, 0, 0, 0, 565, 564, 563, 562, 561, 560, 559, 558, 557, 556, 555, 554, 553, 552, 551, 550, 0, 0, 0, 0, 0, 0, 0, 0, 0, 0, 0, 0, 0, 0, 0, 0, 533, 532, 531, 530, 529, 528, 527, 526, 525, 524, 513, 522, 521, 520, 519, 518, 0, 0, 0, 0, 0, 0, 0, 0, 0, 0, 0, 0, 0, 0, 0, 0, 500, 499, 498, 497, 496, 495, 494, 493, 492, 491, 490, 489, 488, 487, 486, 485, 0, 0
m 0, 0, 0, 0, 0, 0, 0, 0, 0, 0, 0, 0, 0, 0, 0, 565, 564, 563, 562, 561, 560, 559, 558, 557, 556, 555, 554, 553, 552, 551, 550, 0, 0, 0, 0, 0, 0, 0, 0, 0, 0, 0, 0, 0, 0, 0, 0, 533, 532, 531, 530, 529, 528, 527, 526, 525, 524, 513, 522, 521, 520, 519, 518, 0, 0, 0, 0, 0, 0, 0, 0, 0, 0, 0, 0, 0, 0, 0, 0, 500, 499, 498, 497, 496, 495, 494, 493, 492, 491, 490, 489, 488, 487, 486, 485, 0, 0
m 0, 0, 0, 0, 0, 0, 0, 0, 0, 0, 0, 0, 0, 0, 0, 565, 564, 563, 562, 561, 560, 559, 558, 557, 556, 555, 554, 553, 552, 551, 550, 0, 0, 0, 0, 0, 0, 0, 0, 0, 0, 0, 0, 0, 0, 0, 0, 533, 532, 531, 530, 529, 528, 527, 526, 525, 524, 513, 522, 521, 520, 519, 0, 0, 0, 0, 0, 0, 0, 0, 0, 0, 0, 0, 0, 0, 0, 0, 0, 500, 499, 498, 497, 496, 495, 494, 493, 492, 491, 490, 489, 488, 487, 486, 485, 0, 0
m 0, 0, 0, 0, 0, 0, 0, 0, 0, 0, 0, 0, 0, 0, 0, 0, 564, 563, 562, 561, 560, 599, 598, 0, 0, 0, 0, 0, 0, 0, 0, 0, 0, 0, 0, 0, 0, 0, 0, 0, 0, 0, 0, 0, 0, 0, 0, 0, 522, 521, 520, 519, 518, 517, 516, 0, 0, 0, 0, 0, 0, 0, 0, 0, 0, 0, 0, 0, 0, 0, 0, 0, 0, 0, 0, 0, 0, 0, 0, 500, 499, 498, 497, 496, 495, 494, 493, 492, 491, 490, 489, 488, 487, 486, 485, 0, 0
m 0, 0, 0, 0, 0, 0, 0, 0, 0, 0, 0, 0, 0, 0, 0, 0, 0, 0, 0, 0, 0, 0, 0, 0, 0, 0, 0, 0, 0, 0, 0, 0, 0, 0, 0, 0, 0, 0, 0, 0, 0, 0, 0, 0, 0, 0, 0, 0, 0, 0, 0, 0, 0, 0, 0, 0, 0, 0, 0, 0, 0, 0, 0, 0, 0, 0, 0, 0, 0, 0, 0, 0, 0, 0, 0, 0, 0, 0, 0, 0, 0, 0, 0, 0, 0, 0, 0, 0, 0, 0, 0, 0, 0, 0, 0, 0, 0